   0.0898232398568697   0.142143433100759   0.195287623267979   0.248818332680403   0.302170354221953   0.354631944671975   0.405329927660363   0.453223848006954   0.497116700610824   0.535691760974945   0.567584873374381   0.591496446420852   0.606335156687328   0.611367758062966   0.606335156687328   0.591496446420852
   0.124830038233988   0.180910708458087   0.238211447339371   0.296307952884900   0.354631944671975   0.412442949749515   0.468800880828987   0.522544927788331   0.572288462731075   0.616444855799030   0.653303005786080   0.681168528725745   0.698569369985714   0.704490828645810   0.698569369985714   0.681168528725745
   0.157768593511792   0.217591998061962   0.279080589619698   0.341842480468831   0.405329927660363   0.468800880828987   0.531276135609090   0.591496446420852   0.647889856925629   0.698569369985714   0.741393727066828   0.774131425168967   0.794751204768872   0.801801320490143   0.794751204768872   0.774131425168967
   0.188051482975122   0.251502196693071   0.317100011716605   0.384506722261528   0.453223848006954   0.522544927788331   0.591496446420852   0.658768020402046   0.722638495176258   0.780918753182764   0.830958684881615   0.869800513297218   0.894568955567915   0.903097102941019   0.894568955567915   0.869800513297218
   0.215068241881309   0.281915162305436   0.351407421766228   0.423280838562539   0.497116700610824   0.572288462731075   0.647889856925629   0.722638495176258   0.794751204768872   0.861799805476730   0.920594820970954   0.967230053126929   0.997528935695193   1.00807786540648   0.997528935695193   0.967230053126929
   0.238211447339371   0.308094688030781   0.381108835552616   0.457078780253312   0.535691760974945   0.616444855799030   0.698569369985714   0.780918753182764   0.861799805476730   0.938723689377983   1.00807786540648   1.06484656319116   1.10285169184583   1.11634044536275   1.10285169184583   1.06484656319116
   0.256909303214377   0.329335671929101   0.405329927660363   0.484810736996530   0.567584873374381   0.653303005786080   0.741393727066828   0.830958684881615   0.920594820970954   1.00807786540648   1.08979552040694   1.15983944628663   1.20919577675012   1.22737984744304   1.20919577675012   1.15983944628663
   0.270662385512479   0.345012881496599   0.423280838562539   0.505468933514777   0.591496446420852   0.681168528725745   0.774131425168967   0.869800513297218   0.967230053126929   1.06484656319116   1.15983944628663   1.24666799698274   1.31370856567368   1.34059707744721   1.31370856567368   1.24666799698274
   0.279080589619698   0.354631944671975   0.434327419020229   0.518228345473542   0.606335156687328   0.698569369985714   0.794751204768872   0.894568955567915   0.997528935695193   1.10285169184583   1.20919577675012   1.31370856567368   1.40766099535633   1.45531422874145   1.40766099535633   1.31370856567368
   0.281915162305436   0.357874897237196   0.438057341979000   0.522544927788331   0.611367758062966   0.704490828645810   0.801801320490143   0.903097102941019   1.00807786540648   1.11634044536275   1.22737984744304   1.34059707744721   1.45531422874145   1.57079632679490   1.45531422874145   1.34059707744721
   0.279080589619698   0.354631944671975   0.434327419020229   0.518228345473542   0.606335156687328   0.698569369985714   0.794751204768872   0.894568955567915   0.997528935695193   1.10285169184583   1.20919577675012   1.31370856567368   1.40766099535633   1.45531422874145   1.40766099535633   1.31370856567368
   0.270662385512479   0.345012881496599   0.423280838562539   0.505468933514777   0.591496446420852   0.681168528725745   0.774131425168967   0.869800513297218   0.967230053126929   1.06484656319116   1.15983944628663   1.24666799698274   1.31370856567368   1.34059707744721   1.31370856567368   1.24666799698274
   0.256909303214377   0.329335671929101   0.405329927660363   0.484810736996530   0.567584873374381   0.653303005786080   0.741393727066828   0.830958684881615   0.920594820970954   1.00807786540648   1.08979552040694   1.15983944628663   1.20919577675012   1.22737984744304   1.20919577675012   1.15983944628663
   0.238211447339371   0.308094688030781   0.381108835552616   0.457078780253312   0.535691760974945   0.616444855799030   0.698569369985714   0.780918753182764   0.861799805476730   0.938723689377983   1.00807786540648   1.06484656319116   1.10285169184583   1.11634044536275   1.10285169184583   1.06484656319116
   0.215068241881309   0.281915162305436   0.351407421766228   0.423280838562539   0.497116700610824   0.572288462731075   0.647889856925629   0.722638495176258   0.794751204768872   0.861799805476730   0.920594820970954   0.967230053126929   0.997528935695193   1.00807786540648   0.997528935695193   0.967230053126929
   0.188051482975122   0.251502196693071   0.317100011716605   0.384506722261528   0.453223848006954   0.522544927788331   0.591496446420852   0.658768020402046   0.722638495176258   0.780918753182764   0.830958684881615   0.869800513297218   0.894568955567915   0.903097102941019   0.894568955567915   0.869800513297218
   0.157768593511792   0.217591998061962   0.279080589619698   0.341842480468831   0.405329927660363   0.468800880828987   0.531276135609090   0.591496446420852   0.647889856925629   0.698569369985714   0.741393727066828   0.774131425168967   0.794751204768872   0.801801320490143   0.794751204768872   0.774131425168967
   0.124830038233988   0.180910708458087   0.238211447339371   0.296307952884900   0.354631944671975   0.412442949749515   0.468800880828987   0.522544927788331   0.572288462731075   0.616444855799030   0.653303005786080   0.681168528725745   0.698569369985714   0.704490828645810   0.698569369985714   0.681168528725745
   0.0898232398568697   0.142143433100759   0.195287623267979   0.248818332680403   0.302170354221953   0.354631944671975   0.405329927660363   0.453223848006954   0.497116700610824   0.535691760974945   0.567584873374381   0.591496446420852   0.606335156687328   0.611367758062966   0.606335156687328   0.591496446420852
